TILEMAP
16 32		-- Tamano del mapa en tiles
16 16		-- Tamano de tile y de bloque
images/forest_tiles.png	-- Tilesheet
8 5		-- Tiles en el tilesheet
 2  3  3  3  3  3  3  3  3  3  3  3  3  3  3  4
 5  1  1  1  1  1  1  1  1  1  1  1  1  1  1  6
 5  1  1  1  1  1  1  1  1  1  1  1  1 10  1  6
 5  1  1  1  1  1  1  1  1  1  1  1  1  1  1  6
 5  1  1  1  1  1  1  1  1  1  1  1  1  1  1  6
 5 11 13  1  1 11 12 13 10 14 27 13  1  1  1  6
 5  1  1  1  1  1  1  1 11 17 18  1  1  1  1  6
 5  1  1  1  1  1  1  1  1 20 19  1  1  1  1  6
 5  1  1  1 11 12 12 12 12 12 22  1  1 11 13  6
 5  1  1  1  1  1  1  1  1  1  1  1  1  1  1  6
 5  1  1  1  1  1  1  1  1  1  1  1  1  1  1  6
 5 11 12 13  1  1  1  1  1  1  1  1 21  1  1  6
 5  1  1  1 16 28 29  1  1  1  1  1  1  1  1  6
 5  1  1  1 19 30 31  1  1  1  1 10  1  1  1  6
 5  1 10  1 32 30 31 11 12 13  1 11 12 12 13  6
 5  1  1  1  1 33 34  1  1  1  1  1  1  1  1  6
 5  1  1  1  1  1  1  1  1  1  1  1  1  1  1  6
 5 10  1  1  1  1 21  1  1  1  1  1  1  1  1  6
 5 11 13  1  1  1  1  1 11 13 23  1  1  1  1  6
 5  1  1  1  1  1  1  1  1  1 24  1  1  1  1  6
 5  1  1  1 11 13  1  1  1  1 24  1  1  1  1  6
 5  1  1  1  1  1 21  1  1  1 24  1  1  1  1  6
 5  1  1  1  1  1  1 21  1  1 24  1  1  1  1  6
 5  1  1 21  1  1  1  1  1  1 24 11 12 12 15  6
 5  1 21  1  1 10  1  1  1  1 24  1  1  1 19  6
 5  1  1  1  1  1  1  1 16  1 25  1  1  1 19  6
 5  1  1  1  1  1  1 14 17 27 27 12 27 27 18  6
 5 11 12 13  1  1 11 22 10 35 22 10 35 17 22  6
 5  1  1  1  1  1  1  1  1  1  1  1  1  1  1  6
 5  1  1  1  1  1  1  1  1  1  1  1  1  1  1  6
 5 26 26 26 26 26 26 26 26 26 26 26 26 26 26  6
 7  8  8  8  8  8  8  8  8  8  8  8  8  8  8  9
DOOR 9 7
