TILEMAP
32 16		-- Tamano del mapa en tiles
16 16		-- Tamano de tile y de bloque
images/forest_tiles.png	-- Tilesheet
8 5		-- Tiles en el tilesheet
 2  3  3  3  3  3  3  3  3  3  3  3  3  3  3  3  3  3  3  3  3  3  3  3  3  3  3  3  3  3  3  4
 5  1  1  1  1  1  1  1  1  1  1  1  1  1  1  1  1  1  1  1  1 10  1  1  1  1  1  1  1 10  1  6
 5 10  1  1  1  1  1  1  1  1  1  1  1  1  1  1  1  1  1  1  1  1  1  1  1  1  1  1  1  1  1  6
 5  1  1  1  1  1  1  1  1  1  1  1  1  1  1  1  1 28 29  1  1  1  1  1  1  1  1  1  1  1  1  6
 5  1  1  1  1 16  1  1  1  1  1 16  1 10  1  1  1 30 31 14 12 13 10 11 13 23  1  1  1  1  1  6
 5  1  1 14 12 22 23 11 12 12 12 22 23 11 12 12 13 30 31 19  1  1  1  1  1 24 11 12 15  1 21  6
 5  1  1 19  1  1 24  1  1  1  1  1 24  1  1  1  1 33 34 32  1  1 10  1  1 24  1  1 19  1  1  6
 5  1  1 19  1  1 24  1  1  1  1  1 24  1  1  1  1  1  1  1  1 10  1 10  1 24  1  1 19  1  1  6
 5 21  1 19 10  1 25  1  1  1  1  1 24  1  1  1  1  1  1  1  1 11 12 13  1 24  1 11 36 13  1  6
 5  1  1 37 13 10 11 13  1  1  1  1 24  1  1  1  1  1  1  1 21  1  1  1 21 24  1 20 19  1  1  6
 5  1  1 19  1  1  1  1  1  1  1  1 24 16  1  1  1 10 16  1  1  1  1  1  1 24 11 12 22  1  1  6
 5  1 11 22  1  1  1  1  1 16  1  1 25 37 27 27 27 27 18  1  1  1  1  1  1 24  1  1  1  1 21  6
 5  1  1  1  1  1  1  1  1 37 27 27 27 36 36 36 36 36 18  1  1  1  1  1  1 25  1  1  1  1  1  6
 5  1  1  1  1  1  1 14 27 36 36 36 36 36 36 36 36 36 36 27 27 27 27 27 27 15  1  1  1  1  1  6
 5 26 10 11 12 12 12 17 17 17 17 17 17 17 17 17 17 17 17 17 17 17 17 17 17 17 12 12 12 13 10  6
 7  8  8  8  8  8  8  8  8  8  8  8  8  8  8  8  8  8  8  8  8  8  8  8  8  8  8  8  8  8  8  9
DOOR 27 9
