TILEMAP
16 16		-- Tamano del mapa en tiles
16 16		-- Tamano de tile y de bloque
images/forest_tiles.png	-- Tilesheet
8 5		-- Tiles en el tilesheet
 2  3  3  3  3  3  3  3  3  3  3  3  3  3  3  4
 5  1  1 10  1  1  1  1  1 10  1  1  1 10  1  6
 5  1  1  1  1  1  1  1  1  1  1  1  1  1  1  6
 5  1  1  1  1  1  1  1  1  1  1  1  1  1  1  6
 5  1  1  1  1  1  1  1  1  1  1  1  1  1  1  6
 5  1 11 12 13  1 11 13 10 14 15  1  1 16  1  6
 5  1  1  1  1  1  1  1 11 17 18  1  1 19  1  6
 5  1  1  1  1  1  1  1  1 20 19  1  1 19 10  6
 5 21  1  1  1 11 12 12 12 12 22  1 11 17 13  6
 5  1  1 23  1  1  1  1  1  1  1  1  1  1  1  6
 5 11 13 24  1  1  1  1  1  1  1  1  1  1  1  6
 5  1  1 24 21  1  1  1  1  1  1 11 13  1  1  6
 5  1  1 24  1  1  1  1  1  1  1  1  1  1  1  6
 5 10  1 25  1  1  1  1  1 10  1  1  1  1  1  6
 5 26 26 26 26 26 26 26 26 26 26 26 26 26 26  6
 7  8  8  8  8  8  8  8  8  8  8  8  8  8  8  9
DOOR 9 7
