TILEMAP
32 16		-- Tamano del mapa en tiles
16 16		-- Tamano de tile y de bloque
images/forest_tiles.png	-- Tilesheet
8 5		-- Tiles en el tilesheet
 2  3  3  3  3  3  3  3  3  3  3  3  3  3  3  3  3  3  3  3  3  3  3  3  3  3  3  3  3  3  3  4
 5 10  1  1  1  1 10 23  1  1  1  1  1  1  1  1  1  1  1  1  1  1  1  1  1  1  1  1  1  1  1  6
 5  1  1  1  1  1 21 24  1  1  1  1  1  1 11 12 12 12 12 13  1  1  1  1  1  1  1  1  1  1  1  6
 5  1  1  1  1  1  1 24  1  1  1  1  1  1  1  1  1 28 29  1 10  1  1 21 23 11 12 15 23 21  1  6
 5  1  1  1  1 14 13 24 14 12 12 13  1  1  1  1  1 30 31  1  1  1  1  1 24  1 20 19 24  1  1  6
 5  1 11 13  1 19  1 24 19  1  1  1  1 21  1 14 13 30 31 23 11 15  1  1 24  1 11 22 24  1  1  6
 5  1  1  1  1 19  1 24 32  1  1  1  1  1  1 19  1 33 34 24  1 37 13  1 24  1  1  1 24  1 21  6
 5  1  1  1  1 19  1 25 38  1  1 39  1  1  1 19  1  1  1 24  1 19  1  1 24  1  1  1 24  1 10  6
 5 13  1 16 10 19  1 11 13  1  1 16  1  1  1 19  1  1  1 24  1 19  1  1 24 21  1  1 25  1  1  6
 5  1  1 19  1 19  1  1  1  1 10 37 13  1  1 19  1  1  1 25  1 19  1 16 24  1  1  1 14 13  1  6
 5  1  1 37 12 18  1  1  1 10 14 22  1  1  1 35 12 13 10 11 12 22  1 19 25  1  1  1 19  1  1  6
 5  1 11 22  1 19  1  1  1 14 22  1  1  1  1  1  1  1  1  1  1  1  1 37 12 12 12 12 22  1 21  6
 5  1  1  1  1 35 12 12 12 22  1  1  1  1 11 12 12 13  1 11 12 12 12 22  1  1  1  1  1  1  1  6
 5  1  1  1  1  1  1  1  1  1  1  1  1  1  1  1  1  1  1  1  1  1  1  1  1  1  1  1  1  1  1  6
 5 26 26 26 26 26 26 26 26 26 26 26 26 26 26 26 26 26 26 26 26 26 26 26 26 26 26 26 26 26 26  6
 7  8  8  8  8  8  8  8  8  8  8  8  8  8  8  8  8  8  8  8  8  8  8  8  8  8  8  8  8  8  8  9
DOOR 26 4
